#(carId,StartTime,RoadId...)
(10000, 1, 5024, 5025, 5031, 5042, 5053)
(10001, 1, 5030, 5041, 5052)
(10002, 1, 5016, 5027, 5038, 5049)
(10003, 1, 5052, 5041, 5030, 5019, 5013, 5012, 5011)
(10004, 1, 5030, 5019, 5008, 5002, 5001)
(10005, 1, 5028, 5017, 5006)
(10006, 1, 5029, 5018, 5007, 5001)
(10007, 1, 5031, 5020, 5009, 5003, 5002, 5001)
(10008, 1, 5049, 5038, 5027, 5016, 5005)
(10009, 1, 5043, 5032, 5021, 5015, 5014, 5013, 5012)
(10010, 2, 5051, 5040, 5029, 5018, 5007, 5001)
(10011, 2, 5029, 5040, 5051)
(10012, 2, 5029, 5018, 5007, 5001)
(10013, 2, 5053, 5042, 5031, 5020, 5015)
(10014, 2, 5025, 5026, 5032, 5043, 5054)
(10015, 2, 5000, 5001, 5002, 5008, 5019, 5030, 5041)
(10016, 2, 5030, 5019, 5008, 5002, 5001, 5000)
(10017, 2, 5012, 5017, 5028, 5039, 5050)
(10018, 2, 5027, 5038, 5049)
(10019, 2, 5024, 5025, 5031, 5042, 5053)
(10020, 3, 5040, 5029, 5018, 5007, 5002, 5003)
(10021, 3, 5015, 5020, 5031, 5042, 5053)
(10022, 3, 5003, 5004, 5010, 5021, 5032, 5043)
(10023, 3, 5029, 5018, 5007, 5001)
(10024, 3, 5038, 5027, 5016, 5005, 5000, 5001, 5002, 5003)
(10025, 3, 5053, 5042, 5031, 5025)
(10026, 3, 5039, 5028, 5017, 5011)
(10027, 3, 5032, 5043, 5054)
(10028, 3, 5003, 5009, 5020, 5031, 5042, 5053)
(10029, 3, 5032, 5043, 5054)
(10030, 4, 5039, 5028, 5017, 5006)
(10031, 4, 5050, 5039, 5028, 5017, 5006, 5001, 5002, 5003)
(10032, 4, 5012, 5013, 5019, 5030, 5041, 5052)
(10033, 4, 5051, 5040, 5029, 5018, 5007, 5002, 5003, 5004)
(10034, 4, 5001, 5002, 5003, 5009, 5020, 5031)
(10035, 4, 5005, 5016, 5027)
(10036, 4, 5011, 5017, 5028, 5039, 5050)
(10037, 4, 5027, 5016, 5005)
(10038, 4, 5053, 5042, 5031, 5020, 5009, 5004)
(10039, 4, 5015, 5021, 5032, 5043, 5054)
(10040, 5, 5049, 5038, 5027, 5016, 5005, 5000, 5001, 5002, 5003, 5004)
(10041, 5, 5030, 5041, 5052)
(10042, 5, 5049, 5038, 5027, 5016, 5011, 5012)
(10043, 5, 5040, 5029, 5018)
(10044, 5, 5031, 5020, 5009, 5003, 5002, 5001)
(10045, 5, 5001, 5002, 5003, 5009, 5020, 5031, 5042)
(10046, 5, 5030, 5019, 5008, 5002, 5001, 5000)
(10047, 5, 5030, 5041, 5052)
(10048, 5, 5005, 5016, 5027, 5038, 5049)
(10049, 5, 5003, 5009, 5020, 5031)
(10050, 6, 5024, 5030, 5041, 5052)
(10051, 6, 5013, 5014, 5015, 5021, 5032, 5043)
(10052, 6, 5028, 5039, 5050)
(10053, 6, 5013, 5014, 5015, 5021, 5032, 5043)
(10054, 6, 5012, 5013, 5014, 5020, 5031, 5042, 5053)
(10055, 6, 5001, 5002, 5008, 5019, 5030)
(10056, 6, 5025, 5031, 5042, 5053)
(10057, 6, 5049, 5038, 5027, 5016, 5011, 5012, 5013)
(10058, 6, 5032, 5021, 5010, 5004, 5003)
(10059, 6, 5003, 5009, 5020, 5031, 5042)
(10060, 7, 5023, 5024, 5025, 5026, 5032, 5043, 5054)
(10061, 7, 5015, 5014, 5019, 5030, 5041, 5052)
(10062, 7, 5008, 5019, 5030)
(10063, 7, 5022, 5023, 5029, 5040, 5051)
(10064, 7, 5031, 5020, 5009, 5003, 5002, 5001, 5000)
(10065, 7, 5001, 5000, 5005, 5016, 5027, 5038, 5049)
(10066, 7, 5053, 5042, 5031, 5020, 5014, 5013, 5012, 5011)
(10067, 7, 5032, 5043, 5054)
(10068, 7, 5004, 5003, 5002, 5007, 5018, 5029, 5040, 5051)
(10069, 7, 5012, 5017, 5028, 5039, 5050)
(10070, 8, 5025, 5026, 5032, 5043, 5054)
(10071, 8, 5053, 5042, 5031, 5025)
(10072, 8, 5052, 5041, 5030, 5019, 5008, 5002, 5001)
(10073, 8, 5031, 5020, 5009, 5003, 5002, 5001)
(10074, 8, 5051, 5040, 5029, 5023)
(10075, 8, 5026, 5032, 5043, 5054)
(10076, 8, 5051, 5040, 5029, 5018, 5007, 5001)
(10077, 8, 5007, 5018, 5029, 5040)
(10078, 8, 5001, 5006, 5017, 5028, 5039, 5050)
(10079, 8, 5024, 5030, 5041, 5052)
(10080, 9, 5032, 5021, 5010, 5004, 5003, 5002, 5001)
(10081, 9, 5013, 5019, 5030, 5041)
(10082, 9, 5040, 5029, 5018, 5007, 5001, 5000)
(10083, 9, 5054, 5043, 5032, 5021, 5010)
(10084, 9, 5014, 5015, 5021, 5032, 5043)
(10085, 9, 5052, 5041, 5030, 5019, 5014, 5015)
(10086, 9, 5038, 5027, 5016, 5005, 5000, 5001)
(10087, 9, 5029, 5018, 5007, 5001, 5000)
(10088, 9, 5032, 5043, 5054)
(10089, 9, 5030, 5019, 5008, 5002)
(10090, 10, 5003, 5009, 5020, 5031)
(10091, 10, 5053, 5042, 5031, 5020, 5009)
(10092, 10, 5040, 5029, 5018, 5012, 5011)
(10093, 10, 5027, 5016, 5005)
(10094, 10, 5030, 5019, 5008)
(10095, 10, 5032, 5021, 5010)
(10096, 10, 5052, 5041, 5030, 5024, 5023)
(10097, 10, 5023, 5024, 5025, 5031, 5042, 5053)
(10098, 10, 5021, 5032, 5043)
(10099, 10, 5054, 5043, 5032, 5021)
(10100, 11, 5028, 5039, 5050)
(10101, 11, 5011, 5016, 5027, 5038, 5049)
(10102, 11, 5028, 5017, 5006)
(10103, 11, 5000, 5001, 5002, 5003, 5004, 5010, 5021, 5032, 5043, 5054)
(10104, 11, 5018, 5029, 5040, 5051)
(10105, 11, 5025, 5026, 5032, 5043, 5054)
(10106, 11, 5039, 5028, 5017, 5011)
(10107, 11, 5003, 5002, 5007, 5018, 5029, 5040, 5051)
(10108, 11, 5038, 5027, 5016)
(10109, 11, 5028, 5039, 5050)
(10110, 12, 5015, 5021, 5032, 5043)
(10111, 12, 5050, 5039, 5028, 5017, 5012, 5013)
(10112, 12, 5026, 5032, 5043, 5054)
(10113, 12, 5038, 5027, 5016, 5005, 5000, 5001, 5002, 5003)
(10114, 12, 5011, 5012, 5013, 5014, 5015, 5021, 5032, 5043)
(10115, 12, 5006, 5017, 5028, 5039)
(10116, 12, 5041, 5030, 5019, 5008, 5002, 5001)
(10117, 12, 5023, 5029, 5040, 5051)
(10118, 12, 5011, 5017, 5028, 5039)
(10119, 12, 5039, 5028, 5017, 5006, 5000)
(10120, 13, 5028, 5017, 5006)
(10121, 13, 5051, 5040, 5029, 5018, 5012, 5011)
(10122, 13, 5011, 5016, 5027, 5038, 5049)
(10123, 13, 5053, 5042, 5031, 5020)
(10124, 13, 5041, 5030, 5019, 5008, 5003)
(10125, 13, 5014, 5020, 5031, 5042, 5053)
(10126, 13, 5009, 5020, 5031, 5042, 5053)
(10127, 13, 5028, 5017, 5006)
